100075100 4.0494544218E8
100803031 6.9542109617E8
101156577 9.667039240699999E8
101596937 8.221022690799999E8
102260703 6.2442076101E8
102417505 8.896825983600001E8
102981320 9.4043940207E8
103880243 6.296570493E8
104518388 1.0081208855899999E9
106055610 7.680991377500001E8
107019140 2.4392502356000003E8
107304349 1.03339479122E9
108262806 5.6621914232E8
108890991 5.9600679955E8
109663353 1.29237536218E9
110017382 7.686719363800002E8
110214774 3.7173420712E8
110765917 1.7573163732999998E8
111374881 8.4822820361E8
111681384 7.278006845699999E8
112571729 7.590212403200002E8
112836089 7.667134236E8
113306414 9.485885416E8
113959481 5.4290269812E8
117228782 9.822143554599999E8
117396658 7.350303139600002E8
117438597 4.738283804000001E8
118365161 8.2829806218E8
119016727 8.164718496899999E8
119026684 7.146802828E8
119498741 4.0318765381E8
119611116 7.3991738981E8
121001410 1.18080139254E9
121946888 4.3381119651E8
122103994 6.4998519244E8
122627851 8.4186213472E8
122793853 5.5098044153E8
124915162 7.309145463799998E8
127662812 6.867694482399999E8
128053188 8.360426997399999E8
129254821 5.1948090277E8
129551756 7.074790268100001E8
129875133 4.1438573901E8
130187347 1.0796987087000003E9
130353627 4.6053215852E8
131320092 3.3509865930999994E8
132447352 5.804861354300001E8
132524384 1.16717614284E9
133904151 5.5032303225E8
134053382 6.4322370512E8
134195087 9.707756990500001E8
135196155 1.0071343555999999E9
135833912 2.0089913638E8
137281364 9.656664866800001E8
137709375 9.688794775300002E8
138693034 2.4720379923000002E8
138759230 9.4017458184E8
139315404 4.2430339879E8
139450583 4.6010392598999995E8
140787251 1.0307975687499998E9
142695573 5.5476761823E8
143213151 6.316483548900001E8
143616141 6.709394994900001E8
143900095 9.7811409393E8
144086960 6.089530560199999E8
145294573 7.020162854999999E8
147626232 8.844905947399998E8
147949197 7.2924223882E8
149086189 9.8775651479E8
149673275 6.8356247194E8
149720314 8.2563623917E8
150391254 8.535136909900001E8
150753271 5.1286239008E8
151020112 3.6386310643E8
151926654 9.220972170999999E8
152798968 1.05622026459E9
153925503 8.913430505400002E8
154586988 6.0130389547E8
155296524 7.0175077734E8
155306319 5.2349045178000003E8
156101978 7.8312769666E8
156184156 1.43110041698E9
157898134 7.0564968758E8
159509387 5.925322030799999E8
159880267 1.3712875064700003E9
160006487 8.6453854551E8
160594018 5.4353150575E8
160631595 5.689640790600001E8
161100836 6.604336717299999E8
161415507 7.305365504999999E8
162015601 3.4039691296000004E8
162541070 8.085624001800001E8
163061073 1.1053231446899998E9
163232964 7.123404141099999E8
164904976 9.8529191862E8
165258260 7.588553592199999E8
167002917 5.5032150324E8
167519799 8.799760360500002E8
167640157 6.481557157399999E8
168112199 8.6070287649E8
169154377 1.19107887547E9
169338279 6.8254737805E8
171346863 8.598256598800001E8
171534295 7.908998417099998E8
171748766 1.12454257226E9
173696140 1.2145019418999999E9
174671762 4.7059622227000004E8
174878306 7.221279268699999E8
174883568 9.4341405666E8
175584179 6.574250569699999E8
176108647 5.769856373499999E8
177510149 5.8529412793E8
177731427 3.0853493295E8
178060486 6.367770102500001E8
178758666 5.5583456694E8
179762367 8.5480815471E8
182774156 9.462847447500002E8
183691383 7.254082089000002E8
183908839 3.7714122618E8
184410327 7.7643506426E8
184883882 6.341678630999999E8
185152448 7.1034470946E8
186382757 9.795795726099999E8
188334686 9.9272786582E8
189515767 1.0662024315799999E9
190193297 6.340966647100002E8
193262678 9.904117400499998E8
193711006 8.527416196799998E8
194810104 5.6900012524E8
197435531 8.243118527700001E8
197855977 5.655040341500001E8
197904816 9.4085900463E8
198855106 7.947506349599997E8
199152613 6.131542578499999E8
199568135 7.8145848453E8
200146461 8.3241405342E8
200269226 5.3787003533E8
200675412 9.014919533900001E8
202257991 7.4161281676E8
202824367 7.051505587399999E8
204235604 3.9861443446999997E8
205373035 2.5856659499999997E8
206331108 6.958336731300001E8
208252813 1.12257294792E9
208898303 7.9936937784E8
209331946 6.4095927996E8
211473251 1.2487520896699998E9
212331880 7.455573469099998E8
213071140 6.6888535635E8
213396943 8.297067197200001E8
213602432 8.5234408326E8
213974503 1.0508887563900001E9
214875375 6.647011052600001E8
215647935 6.2268162175E8
216594016 9.5891398524E8
220072911 5.2191854397999996E8
223218265 7.980977363100002E8
225086135 6.1082917381E8
225300737 1.41053869582E9
226296901 7.6311159292E8
227024004 6.069884080100001E8
227842032 6.088638138900001E8
228054518 4.719781755799999E8
229613819 5.994361403899999E8
231214121 4.7790983791999996E8
231403051 9.889864104300001E8
231986561 3.5817937971999997E8
232534761 4.9371687950999993E8
232668625 1.00263140287E9
233179776 9.201561852800002E8
233967114 7.917943327600002E8
234155102 6.1552389892E8
234380094 1.16988628796E9
234742004 7.9022211993E8
236456055 3.6609281762E8
236848862 6.4585938398E8
236930781 7.7121801313E8
238163265 6.014503685099999E8
240606459 4.3397863405E8
241633719 7.492837727999998E8
242190041 3.1229108578E8
242612545 9.9364745862E8
244846436 9.6864591484E8
246387732 9.935931171600001E8
246395504 7.1008956843E8
246578626 7.987512455999999E8
246921183 6.4391805004E8
247591311 4.0289546361999995E8
247889291 1.02592550444E9
248284961 1.0187661172300003E9
248938351 6.4125815356E8
249111475 7.124427609799999E8
249420279 9.013232494099998E8
250189385 7.728711657200001E8
250503993 5.8626764788E8
251687419 7.580363382399999E8
252146182 1.1479356657E9
253356546 1.0286822598799999E9
253545920 4.046743540400001E8
255125620 7.4959831507E8
255906899 5.0767944808000004E8
256617553 4.2351430184E8
257911652 6.5351764853E8
258550326 3.9035566928999996E8
259683861 5.8295480403E8
260220807 8.842680155199999E8
263492694 7.555060284799999E8
266312721 7.7281248851E8
266711588 7.879166860000001E8
268908366 4.1406645686E8
269437650 8.835925841600001E8
269555399 6.2500424148E8
270193205 3.9115382892E8
270329525 1.0743924509400003E9
272709278 9.2487562535E8
273445992 5.7500082061E8
273918930 1.04839786066E9
274765790 7.574205704699999E8
275115779 6.867651874499999E8
275411499 6.045120734999999E8
276903838 9.069034235099998E8
278219696 1.7854160762E8
280225069 7.8070512888E8
280562852 7.4765409745E8
280661619 8.2493726342E8
280797933 6.116760858499999E8
280903690 9.8237267293E8
281436615 6.780797888299999E8
281506639 9.266957139000002E8
282441191 6.945686600000001E8
282879114 7.3480014064E8
284151821 2.8775705934E8
284228307 2.1125608440000004E8
284278668 5.6679321948E8
285241161 8.3264645413E8
286357906 4.6629080312999994E8
286547825 7.5110543988E8
287194096 6.6457891517E8
287324315 7.058518009E8
288996231 6.762483083699999E8
289120238 7.271536109100001E8
289860384 3.7763530326000005E8
291250183 9.055276964400003E8
294948581 5.972099979599999E8
297330673 5.8800257813E8
297711458 9.646274464299998E8
299490674 7.2591526666E8
299692662 1.08576476815E9
300069649 6.929144294100001E8
300372299 7.156288917E8
300585303 7.1163125698E8
302257891 5.8153166402E8
302873488 8.9211457549E8
303129987 8.425206633199999E8
304435923 1.07463268259E9
305260427 8.681836672199999E8
305658630 9.129355619399999E8
305747566 7.082522687699999E8
306920818 5.6217528934E8
307552687 6.3266614163E8
308056990 6.143788165500001E8
308106984 1.0186922273999999E9
309594392 1.2647818367700002E9
310209435 5.8217949186E8
310445634 8.1468607391E8
310454191 7.219614688E8
310719616 8.645468374999999E8
311939514 5.8380643278E8
314940761 8.749232248800001E8
315846409 6.981024261800001E8
317453153 7.1185944407E8
318614657 7.3407046559E8
318868292 6.9400695431E8
319539594 7.4640077947E8
319656394 8.998145271499999E8
322087967 7.0859834261E8
323670838 6.378115231099999E8
323848130 9.256870308399999E8
325918281 8.5920192622E8
326213588 8.2236439338E8
327010449 5.435247595200001E8
328354088 6.0148947727E8
329371056 5.4131186891E8
331804862 3.097384092E7
334193213 1.01889777917E9
334960441 8.0071127427E8
335537630 7.708581518299999E8
335715381 8.725101158299999E8
336801473 1.0589733845999999E9
336960695 9.232111231100001E8
337491743 6.6915529349E8
338290715 5.4573699395E8
340842280 2.8706891263000005E8
341952800 7.4826277061E8
342074651 1.09611601029E9
342896477 1.2906901632700002E9
344397779 7.526748703299999E8
345774001 9.1547429217E8
346987419 3.0228117794E8
347564606 9.5880849765E8
347982043 6.774384673600001E8
348746404 6.6484162623E8
349996174 6.890539541099999E8
350620769 3.8653057702E8
351530440 1.23073133272E9
356203328 6.5971924644E8
356401591 8.2791701045E8
356708742 9.976025963900001E8
359988945 8.344384375899999E8
360321320 6.0791603974E8
360648093 6.9219299303E8
360760357 8.2461822928E8
361194255 8.1048354402E8
363393550 8.904729031000001E8
363593682 8.474695290699999E8
364950395 7.0066725686E8
366650656 9.3493593076E8
366746235 4.4829656284000003E8
367999686 9.330921995400001E8
373137581 1.0222718578499999E9
373471525 9.6257713238E8
373740433 5.7942604264E8
373777889 7.340765197099999E8
374363533 1.1728506508000002E9
375468241 6.911256833E8
375641375 9.772022954100001E8
375649427 5.8533004975E8
375890823 7.0452823892E8
376923868 8.7581587828E8
378162833 4.7442766279999995E8
378330817 7.9112854277E8
378497248 6.0467101419E8
378772748 3.2457439727000004E8
381543660 1.10454243133E9
381816324 8.602435273799998E8
383088531 2.9330447215999997E8
383373004 8.8507706526E8
383648179 6.348700075E8
384080914 5.5758835226E8
387186313 7.211569048100001E8
387500606 7.1975823025E8
388235755 4.5903297309000003E8
388303403 5.4623846377E8
388875201 7.250436500499998E8
390209274 5.906921510300001E8
390772134 4.5522212258E8
391123961 8.2448484515E8
394019296 7.701821593199999E8
394188633 9.243948879599998E8
396829952 5.8652828699E8
396984280 5.9849940691E8
397308858 8.043746828E8
398336007 4.8139183312E8
399791202 4.3165026967E8
401214573 6.2441383899E8
402010932 7.5311901875E8
402889444 5.5936988635E8
404175752 8.622699262099999E8
404967312 1.06725360142E9
406053005 6.1644609024E8
407116351 8.0839412732E8
408354382 5.2855999209E8
408575433 5.0549228278000003E8
413082880 8.4400484392E8
413890988 7.124883286399999E8
415625092 5.5627911975E8
415945167 5.9307915748E8
416461717 8.835360855200001E8
417123406 6.451021344799999E8
418304933 6.9836325524E8
418405168 1.13968327619E9
419600217 7.1572725739E8
420096621 8.138359671399999E8
420541052 9.101495046700001E8
421251419 8.185560935499998E8
422294374 8.693400364399999E8
423485116 7.136497556500001E8
424293071 8.170936879300001E8
424426699 7.895119653499999E8
424507928 3.3254517833E8
424687486 7.0478691977E8
425263826 3.8530963222E8
425836396 6.991921900000002E8
426198015 4.9184248003000003E8
426827475 7.979173213E8
427023543 7.7824222166E8
427653658 9.4645885087E8
427992830 6.8306011605E8
428026116 6.123503994699999E8
429444957 7.469888695699999E8
430429762 7.0985672404E8
431781818 6.926293147700001E8
432482257 2.6721150276E8
433249952 7.376512154100001E8
434306159 7.763532588999999E8
435830994 3.8165178777E8
436541345 6.489220823900001E8
438571031 7.990351440999998E8
439202619 5.9520217374E8
439815013 6.3322782752E8
444632472 5.9865661098E8
446101021 5.5497496905E8
446572198 3.8699156378E8
446667759 6.570175139900001E8
450033863 1.1041703052199998E9
451898397 6.8779503465E8
452907513 1.09666483246E9
453124762 5.6866934343E8
453945758 9.1198865524E8
454505347 8.776561491E8
455563512 9.4069207174E8
455730993 7.6077049639E8
456482293 3.7207741316999996E8
456871046 5.5172475097E8
458314948 8.129362186700001E8
458889106 5.953014034E8
459758995 6.3697335695E8
460129470 6.3104082969E8
460384223 6.1209651713E8
460581703 1.2765418913000001E8
461009699 5.3121076429E8
462462168 5.8526515279E8
462764033 5.2424758230999994E8
465082059 8.854995693E8
466227501 8.0072427301E8
467196963 8.5140967164E8
467984196 4.950524618E8
468868295 8.076391983199999E8
469457644 1.1432399439800003E9
469670122 7.806180281200001E8
470045158 8.865417574399999E8
471857970 8.2797546188E8
472446118 5.6736445667E8
472672595 7.3624318276E8
472953771 4.4167141540999997E8
473901580 1.12830129885E9
473978837 8.1752502927E8
475728122 6.124064304000001E8
476077303 4.900862941199999E8
476386452 4.391993407500001E8
476873067 7.647657405800003E8
477127591 3.1401657563E8
477605614 6.624089527500001E8
477743286 8.4780511543E8
480704953 6.702651733700001E8
485170462 5.8769926714E8
485692569 6.218546873199999E8
486364990 8.584851428699999E8
487578976 4.8455826290000004E8
488775063 6.4550953554E8
488888112 1.17114869295E9
489537808 7.870271084400002E8
490775374 7.6288572547E8
491246623 8.163811914400002E8
492413974 8.428844182E8
493683428 5.6456730119E8
494404564 3.8024109953000003E8
495390908 7.155031750300001E8
496793622 6.3790910222E8
496808525 7.805241376800001E8
496863696 8.9322178583E8
498112669 3.9036668753E8
498143404 5.5635422101E8
498548222 8.671467820600001E8
499053599 5.936767402099999E8
499283581 4.6067313229000014E8
499467860 6.7777184902E8
501158925 6.3806276611E8
501284104 6.7143518195E8
502176650 7.8822723589E8
503012100 5.9149961451E8
503122533 5.875699006800001E8
503832403 3.0246512735E8
504584172 2.7634113992E8
505731999 5.1532922463E8
505967417 9.441559051800001E8
506140362 7.559569030600002E8
506460140 7.3958683977E8
507517153 7.077135687099999E8
508251419 6.0821905985E8
508739487 4.864896077900001E8
508860646 6.7343647193E8
508925718 5.7624045531E8
509446156 1.0046264200499998E9
510037513 8.9876672816E8
510064144 6.882748062799999E8
510332426 6.6595776609E8
511077882 9.519328412200001E8
514855712 4.0832556264E8
515516619 9.262624828699999E8
516257727 7.828220405600002E8
516421257 6.822580403100001E8
516473646 5.9244253264E8
516628786 1.2981059192E9
517678399 4.1297353449E8
518109934 4.2388309405E8
519289907 6.951688761700001E8
520080558 7.7914703998E8
522078050 9.7068362462E8
522274769 7.776918568700002E8
522284048 6.237040669700001E8
523628542 8.346675174699999E8
525252585 5.1610485955E8
525361683 5.1791498028E8
525446383 7.832340807800001E8
525926278 1.4019471955700002E9
526668130 6.3542104702E8
527367550 8.700606918599999E8
530289161 6.5641565324E8
532377979 3.5113578022999996E8
532472558 9.400754324200001E8
533172258 7.441934306100001E8
533201440 6.696877701E8
533363124 5.532296706400001E8
535091207 4.6923311834000003E8
536388893 8.0544044697E8
540275431 1.0066907518400003E9
541413187 5.3485932580999994E8
544397782 6.959698207400001E8
544528724 5.209245719100001E8
544841969 6.4957702564E8
546254123 4.3442910709E8
546932506 6.345027226600001E8
548129152 8.353134103900001E8
548395241 4.8738227955E8
548481212 6.730388966700001E8
549243175 6.6023254773E8
549249535 8.333171553199998E8
550392053 6.2205476764E8
550920165 5.461381224200001E8
553656369 7.393893080799999E8
554268365 9.1942201384E8
555401971 9.535649419100001E8
555415591 8.960289298299999E8
555790640 1.0550881539E9
556537470 9.0494270013E8
556605206 5.565904233699999E8
557278620 1.0627323914100001E9
559506176 4.6740380371000004E8
560162315 7.5054183038E8
560672299 5.820222008600001E8
560802817 7.859773362100002E8
562382583 2.6236659011E8
564477851 3.8635378728E8
564933553 7.847549427900001E8
566125962 2.7465221352E8
567139088 8.743618584599998E8
567218651 6.812585879300001E8
567546933 3.9381596168E8
567784105 5.6670866212E8
567979109 4.8236690771000004E8
568079403 7.839945330300001E8
568121813 6.5975003196E8
568750929 6.815806088399999E8
569486726 1.05623851515E9
570950541 5.1804680440000004E8
571264525 7.4006440846E8
571352753 5.9053852375E8
572337884 5.258872233399999E8
572804719 1.0039940234000001E9
572884241 4.763203284499999E8
573070853 6.267583681600001E8
573251199 1.0170242841899999E9
573573263 1.0689830346900002E9
574605206 1.04355971489E9
575858400 1.15115723905E9
576488475 5.7025700412E8
576637740 1.22190835565E9
576952335 3.9195184664E8
577091859 3.931644888899999E8
577980947 2.2262268802999997E8
578256628 6.5478392761E8
578299020 6.6646794913E8
578677978 9.358509198399999E8
579716532 7.9970163411E8
579977556 9.2020431453E8
580510726 5.4364696386E8
582433833 7.190292080500001E8
582457800 6.0877502902E8
583581204 5.029775236499999E8
585064535 3.961905645E8
585432648 4.336790811099999E8
587327921 1.01442326322E9
589037736 6.3411351995E8
590474012 3.0563002322E8
591134335 8.9568312197E8
591386815 7.860741406000001E8
591566736 1.0439461333000001E9
591755775 6.9086326768E8
592244826 7.3100284775E8
593634266 6.9557303542E8
593771725 1.07599091249E9
594043398 8.8631588846E8
594324319 6.405000173499999E8
596116932 1.08099977563E9
596735948 9.693933212E8
597173782 6.6318948704E8
597280119 5.1249510351E8
597700047 6.955945040999999E8
597961118 8.732009077E8
598188631 5.2338690537E8
599149683 9.195800468699999E8
599199529 5.619759576E8
599601333 5.0033860084000003E8
599814919 1.0522020943499997E9
601866754 1.1036418008200002E9
604314812 4.3415536891E8
607424818 5.457142519300001E8
607682491 5.812271461700001E8
607784672 9.383426657900001E8
609357423 6.673607864200001E8
609956325 5.646805519499999E8
611824131 7.0345284047E8
612217407 1.0845510377E9
613510744 8.777309083399999E8
614168147 8.472099872400001E8
614497745 7.097844869699998E8
616044848 1.0207877169000001E9
616318415 5.044231305500001E8
621018422 7.4468947163E8
621333885 5.313530606299999E8
621435036 5.3102694219999987E8
621967544 4.832570866100001E8
622018493 5.5944225546E8
623544731 6.907129061800001E8
624782179 4.240115539E8
626305925 1.0537507233700001E9
628095494 6.7440203011E8
629853331 7.0747667079E8
631229305 6.5158963597E8
631987283 5.8322038747E8
632295008 8.054998856200001E8
632481654 4.6847323175000006E8
635752965 8.553777029399999E8
636087692 1.15983927396E9
637624644 6.261894104499999E8
638323057 8.9378236798E8
639106352 6.633937113900001E8
639863652 4.5834574201000005E8
640296389 1.0234948822599999E9
643780731 9.2949568365E8
644375478 6.4756067154E8
645141474 3.8893738533000004E8
645171319 5.390421165E8
647684066 7.066270683299999E8
650275710 9.8540049938E8
650616593 6.0474882379E8
650825130 6.086650537900001E8
654751100 1.0134514649300001E9
655015427 1.28089049487E9
657572634 5.6188811021E8
657717831 1.0770547881100001E9
661371803 8.3607200234E8
663099628 5.878389238599999E8
664704523 6.739539198399999E8
666163731 3.163917892E8
666713328 4.953903043200001E8
667125327 8.5587974767E8
668975990 1.0650027315400001E9
669330235 9.5542924723E8
670886330 1.0125463426600001E9
671538009 7.560954325899999E8
672665835 2.9858333270000005E8
674252723 8.1070508615E8
674269389 7.493137727700001E8
677308025 4.5229456187999994E8
678331562 4.6233649018999994E8
680853772 9.152828522800001E8
683783421 5.854219836500001E8
684051160 7.356190621199999E8
687051228 4.7084125807E8
687844703 5.6616616248E8
687986102 6.4131609023E8
688045796 5.9770760823E8
688934511 1.1338787644499998E9
689530017 5.5363813645E8
690445256 7.108170459100001E8
691505122 5.0743874184999996E8
692813473 7.803444770100001E8
694666401 1.0633252750200001E9
695593032 2.5188620567E8
695721158 9.510755901600001E8
696737516 6.566379487E8
696762410 9.0539029011E8
697268393 8.7719541626E8
697507876 1.31872402551E9
700404816 7.2625187524E8
700769920 4.733746401700001E8
703509375 7.407563607699999E8
703711397 1.07753044138E9
705077862 1.15060448545E9
708860887 9.395294361999998E8
709632903 1.0200232805000001E9
709753591 8.666041136300001E8
711042412 7.0137976051E8
712104267 9.161028239599998E8
712686604 7.321447268E8
714573514 6.692003039300001E8
715079332 6.7400468218E8
715154514 5.488383029E8
715155736 7.967966094E8
715745746 6.5480381604E8
717732308 7.256203640000002E8
719921851 4.499715601999999E8
720638406 5.9523823037E8
720735142 7.684134917E8
720978012 9.147637895199999E8
721700362 4.9324431791999996E8
722593429 9.148752868399999E8
723153061 8.270942556399999E8
724100989 8.465177358000001E8
724554875 7.635597594800001E8
725651968 2.1410337879E8
726534543 1.1063983911E9
726536216 5.8553965757E8
727338137 5.0081208528000003E8
727460616 1.13636134668E9
728010978 1.0712098888500001E9
728066349 9.8172837425E8
728290540 6.2535581452E8
728419424 1.07507265018E9
728581698 9.0075912819E8
731333851 6.6053974583E8
732987378 1.0009190461399997E9
733212816 2.7191134316E8
733279489 7.1968035282E8
734534344 9.685678325600001E8
735416192 7.402970369E8
735815836 7.0147787547E8
735952744 9.899525570699998E8
736105066 8.784305849800001E8
737774362 9.1696554508E8
740892337 7.641495692299999E8
741118256 7.053962919900001E8
741418570 7.472567030600001E8
741714598 1.0659761314900002E9
742107910 1.3149062342400002E9
742325919 8.410386742099998E8
742456291 7.108997834399999E8
743582967 9.828205516700001E8
743605154 9.300930801299999E8
743702952 7.8956538449E8
743793189 4.8710645946999997E8
744080844 7.305912635700002E8
744111618 8.0241023069E8
744719160 7.225864237700002E8
744886514 5.500777751500001E8
745820413 9.3444454837E8
746772132 1.02072923076E9
747484841 8.362056029199998E8
749024226 6.537588689999999E8
750482494 7.443815126400001E8
751107410 1.07047748924E9
752909584 6.4018224824E8
753497183 6.465394511E8
755416563 3.7418462411999995E8
756409715 1.0051041905099999E9
763126179 8.786959461199999E8
764284963 9.387259202900001E8
764423530 9.686324966E8
764766950 1.0310282754499999E9
765191526 6.531445190400001E8
766272564 9.3121159101E8
767090797 1.2193193105300002E9
767559506 3.6651948054999995E8
767560600 7.5675658771E8
767923546 5.8163515187E8
768760990 6.9835776735E8
771243486 7.225868616899999E8
772027421 7.4791212928E8
772153147 9.496957016500001E8
773516741 3.3565714813000005E8
773686797 1.04790530319E9
774369338 7.258569833499999E8
775647608 5.3861356028E8
775854690 1.15883583451E9
776612198 1.0015125607600001E9
779898477 1.36890716012E9
780307713 5.9139506569E8
780564297 4.6086105903E8
781466316 4.688623110500001E8
783558945 8.403698109399999E8
785197350 8.0408499535E8
786411085 7.8497385501E8
787277561 1.11818009009E9
787448057 7.1438731953E8
787760922 5.9857462667E8
788376313 7.763146712500001E8
788447113 7.941913967900001E8
788874963 6.2429403766E8
789835972 6.482009028199999E8
790352185 2.4023707834999996E8
792126435 7.961350595000001E8
792368394 5.8227514216E8
792744363 7.945010853800001E8
793913439 6.300769706E8
794920973 5.9958898156E8
795096195 6.0153030224E8
795453330 6.852854290199999E8
795878382 3.0785255266999996E8
796309849 7.876025457299999E8
798927628 1.0611363213700001E9
799353999 7.757030701800001E8
799447416 9.478241800400001E8
799493037 8.944241941600001E8
800263855 8.3402140201E8
800602389 6.991470945600001E8
800719960 7.4208621424E8
801071882 8.993974340200001E8
802764368 1.10887565499E9
803192777 8.669660534499998E8
803824523 1.0985690313200002E9
804301199 3.8516628471000004E8
804704037 8.484661823E8
805107938 5.3006734408000004E8
807200119 8.754770685000001E8
807653867 9.154874837599999E8
811375238 6.5833278675E8
812342285 7.0677688663E8
812469877 8.394164671199999E8
813061542 8.4754870202E8
813920518 5.7715728845E8
815870915 5.8782636235E8
816562775 9.059579049499999E8
820522612 6.7842414224E8
826458235 6.8768693914E8
827692583 5.1888436172999996E8
827924954 4.6914038423E8
827936539 8.548539664799999E8
829088534 8.252451429599999E8
829708620 6.489721162099999E8
832048507 1.435533148E9
833743918 6.1068788815E8
833786644 1.25183727578E9
834417306 7.128157986200001E8
835653081 8.229168903800001E8
837956843 7.1016131092E8
838038767 4.0988263964000005E8
838515118 9.9991330272E8
840052418 8.518995519100001E8
842240339 6.365176016E8
843039617 5.5313785607E8
844946410 6.990593821700001E8
845007025 8.3920445087E8
846251855 8.765676849300001E8
847566961 6.8597183428E8
848425763 4.7027498234E8
848909968 8.8061137323E8
849037548 8.0695725231E8
852391417 7.570446944699999E8
853800531 1.08070211036E9
854673599 4.9120271309000003E8
855341876 5.092063100200001E8
855602001 1.0418174713599999E9
856453112 5.2813755177E8
858096665 7.482490747900001E8
858619365 4.0413459304999995E8
858732508 3.9184061473999995E8
860583046 1.10648730303E9
860734034 5.6854801308E8
861170886 5.364948864E8
861673124 3.4291064024999994E8
864088029 3.8176276812E8
864408674 5.7069032009E8
864780379 7.4148414776E8
865845907 6.856342545799999E8
865921924 8.3928277578E8
866362412 4.9522775521E8
867061858 4.5661341268E8
870308841 5.793505775099999E8
871029659 7.852076504200001E8
871712010 7.323993035100001E8
872643567 7.7854042635E8
873722327 3.2572653919E8
873983543 5.8734917535E8
874448514 6.4262660075E8
875501767 9.090218982E8
876982608 8.985327541800001E8
877735379 6.032164580000001E8
877847577 6.2021125884E8
878061989 6.6087105812E8
878534299 5.403827356200001E8
880075355 8.7553889053E8
882053089 8.318223625799999E8
882234971 6.132513564E8
883906066 2.829425629E8
884259656 5.9985771876E8
884563373 4.9051746091E8
884826319 7.809535761200001E8
885514539 8.274502741600001E8
885613601 1.1386593590900002E9
890228256 6.2946229965E8
890755827 8.146769901E8
891172890 6.340833510200001E8
892000970 7.343664840799999E8
892452887 6.130808991500001E8
892768447 9.7821982454E8
893082188 3.8505929921000004E8
893441803 7.8656779495E8
895334626 5.2473844198E8
896018940 6.0183087803E8
896259087 9.5517461545E8
899424928 4.1610270337E8
901355839 6.485571159000001E8
903491103 6.517072149300001E8
905095305 6.8156518439E8
905129322 7.482393213200002E8
905207705 6.937929823000001E8
906471339 1.0668002245099999E9
906725953 6.252991791999999E8
907135169 8.701209020600001E8
908450089 7.917273488500001E8
909570481 6.8114418701E8
910985395 9.937746338999997E8
911398268 8.63950822E8
913977793 7.6236020444E8
914557218 8.2716327263E8
914803330 6.016965846600001E8
916303780 7.279971241700001E8
918892608 6.266593916200001E8
919002406 4.0126263787000006E8
919465042 7.118428289100001E8
919783045 6.994098473700001E8
920265619 7.5043283125E8
923474867 8.5255857256E8
923698643 7.0557594154E8
924705809 7.482951715999999E8
924747060 4.824258897899999E8
925380943 6.721311579300001E8
929784486 7.252410991699998E8
930363959 5.6973067287E8
933385473 3.9576068568999994E8
933389717 8.596553718400002E8
934000522 3.4459082526E8
935560774 6.2216778515E8
935738051 8.649618908000001E8
937277590 7.797511070999999E8
938084343 5.2899067984999996E8
938193381 7.282644685600001E8
938586701 6.8495800985E8
939409678 1.1714839519399998E9
941366519 7.8529794118E8
941706245 5.7700476737E8
944771490 1.1615324209399998E9
945122047 1.00992900919E9
947336821 8.0068655841E8
947687206 8.9821281263E8
948481987 7.3654659898E8
949634743 5.6453433813E8
949957077 7.1087351829E8
951461889 9.365549835400002E8
952093581 4.5826855515000004E8
952391123 7.591283299699999E8
952827865 5.475000916300001E8
953276484 1.0086044681800001E9
953551961 5.9633899069E8
954384924 1.20392422775E9
955667028 5.0640075549999994E8
955829535 9.7738122034E8
957725074 6.9615312479E8
957987877 8.682980008399999E8
958140136 9.6344475938E8
958776195 9.508528034499999E8
961832280 9.590111627599999E8
962693075 5.1326755527E8
964957760 6.680110969899999E8
965364270 4.427207652799999E8
966461342 6.85439193E8
967522635 7.7391309252E8
968882645 5.7550785814E8
969405609 6.8045828851E8
971155310 8.874732113900001E8
978008602 6.9077239825E8
978017109 6.8569074662E8
978836641 4.2644830753E8
979709064 5.4906624142E8
980803054 6.2957114494E8
981162480 7.943225163199999E8
981166685 1.1030789853899999E9
982766375 5.824380050899999E8
982994214 7.859096141899999E8
984950748 9.765477439200001E8
986310355 5.2465033924E8
986611199 7.389079549099998E8
986919540 1.07557031038E9
988676105 8.6773704423E8
990095516 6.9230812308E8
991842459 6.008788146899999E8
992366063 6.2622643369E8
992484817 5.4013778767E8
992775582 6.248126135200001E8
992958791 8.191748430699999E8
993163024 5.3785084491E8
993893498 3.6658295476E8
995876448 6.757596851700001E8
996402539 5.796628756899999E8
997660003 6.8401972845E8
997918938 6.214539309399999E8
998254744 1.3122423026599998E9
998943288 1.0924310709100003E9
